76561197962280741
76561197963597395
76561197973350772
76561197990371875
76561197994813936
76561197995448021
76561198043943693
76561198045512008
76561198048459940
76561198056064576
76561198057416875
76561198067033036
76561198071586116
76561198080084640
76561198083086183
76561198086257134
76561198103828440
76561198117266824
76561198118681904
76561198119556717
76561198120551466
76561198128539255
76561198130410070
76561198133792061
76561198140731752
76561198153037477
76561198153456001
76561198157458883
76561198171579958
76561198171671425
76561198188694817
76561198193522606
76561198199390651
76561198199548425
76561198200920510
76561198205260560
76561198206171501
76561198207657755
76561198214393380
76561198216401209
76561198231238712
76561198241119894
76561198241184844
76561198242910578
76561198245733162
76561198260657129
76561198268569118
76561198282622073
76561198282660177
76561198287006493
76561198290929410
76561198296897794
76561198297786648
76561198298554432
76561198304022023
76561198313695555
76561198314508107
76561198315595387
76561198319897271
76561198322345610
76561198325578948
76561198331761631
76561198345115333
76561198350277773
76561198357058449
76561198385038163
76561198391120149
76561198396073100
76561198399868778
76561198400587773
76561198404758017
76561198409051066
76561198410857586
76561198411241242
76561198437521559
76561198452880714
76561198453097140
76561198796671892
76561198804938440
76561198811100923
76561198815195329
76561198815872031
76561198828531614
76561198829874406
76561198833359264
76561198837663797
76561198840095526
76561198841525016
76561198860773846
76561198864054061
76561198873068537
76561198879526659
76561198882934453
76561198883945503
76561198933308155
76561198950662141
76561198965452859
76561198972070205
76561198976315822
76561198983626254
76561198987814349
76561198989092487
76561198991484485
76561199006468767
76561199017256023
76561199018344649
76561199022819292
76561199033138073
76561199041470149
76561199042744450
76561199048847400
76561199060123339
76561199066957446
76561199068595885
76561199068670945
76561199070203759
76561199082366973
76561199082412143
76561199083953173
76561199092869989
76561199096177681
76561199096605565
76561199108219237
76561199114241840
76561199115920814
76561199123757264
76561199128221396
76561199134755788
76561199134853281
76561199139642049
76561199141844139
76561199142700877
76561199172844892
76561199173958149
76561199178907450
76561199180227630
76561199194200371
76561199200622927
76561199204141290
76561199221710537
76561199226960900
76561199237520119
76561199283706092
76561199292400220
76561199398195452
76561199438310468
76561199471921996
76561199494608062
76561199523310338
76561199526495821
76561199540332878
76561199664136628
76561199801532775
